rank_number,actor,contributions,percent,cumulative_sum,cumulative_percent,all_contributions
1,lann,4484,14.15449,4484,14.15449,31679
2,karthik2804,1767,5.57783,6251,19.73231,31679
3,dicej,1450,4.57716,7701,24.30948,31679
4,calebschoepp,766,2.41801,8467,26.72749,31679
5,FrankYang0529,203,0.64080,8670,27.36829,31679
6,etehtsea,172,0.54295,8842,27.91123,31679
7,tschneidereit,164,0.51769,9006,28.42893,31679
8,ogghead,143,0.45140,9149,28.88033,31679
9,jpflueger,135,0.42615,9284,29.30648,31679
10,me-diru,90,0.28410,9374,29.59058,31679
11,suneetnangia,81,0.25569,9455,29.84627,31679
12,benwis,75,0.23675,9530,30.08302,31679
13,cardoso,74,0.23359,9604,30.31661,31679
14,ecumene,66,0.20834,9670,30.52495,31679
15,danbugs,63,0.19887,9733,30.72382,31679
16,seungjin,58,0.18309,9791,30.90691,31679
17,jasonwashburn,42,0.13258,9833,31.03949,31679
18,0xcodeboi,38,0.11995,9871,31.15944,31679
19,jasminempa,31,0.09786,9902,31.25730,31679
20,melissaklein24,31,0.09786,9933,31.35516,31679
21,miketang84,30,0.09470,9963,31.44986,31679
22,fermybot,29,0.09154,9992,31.54140,31679
23,carlokok,28,0.08839,10020,31.62979,31679
24,thesuhas,27,0.08523,10047,31.71502,31679
25,joaogdemacedo,24,0.07576,10071,31.79078,31679
26,quyumkehinde,23,0.07260,10094,31.86338,31679
27,davidflanagan,22,0.06945,10116,31.93283,31679
28,inaxium,22,0.06945,10138,32.00227,31679
29,asteurer,21,0.06629,10159,32.06856,31679
30,ejmg,20,0.06313,10179,32.13170,31679
31,elewis787,20,0.06313,10199,32.19483,31679
32,macolso,20,0.06313,10219,32.25796,31679
33,mooori,19,0.05998,10238,32.31794,31679
34,deadprogram,18,0.05682,10256,32.37476,31679
35,sealmove,18,0.05682,10274,32.43158,31679
36,garikAsplund,17,0.05366,10291,32.48524,31679
37,psarna,16,0.05051,10307,32.53575,31679
38,tfenster,16,0.05051,10323,32.58626,31679
39,coderoflagos,15,0.04735,10338,32.63361,31679
40,jim4067,15,0.04735,10353,32.68096,31679
41,raymundovr,14,0.04419,10367,32.72515,31679
42,chrismatteson,13,0.04104,10380,32.76619,31679
43,lidongjies,13,0.04104,10393,32.80722,31679
44,sohanmaheshwar,13,0.04104,10406,32.84826,31679
45,dennisg,12,0.03788,10418,32.88614,31679
46,smndtrl,12,0.03788,10430,32.92402,31679
47,anishcr,11,0.03472,10441,32.95874,31679
48,Archisman-Mridha,11,0.03472,10452,32.99347,31679
49,On0n0k1,10,0.03157,10462,33.02503,31679
50,qtfkwk,10,0.03157,10472,33.05660,31679
51,booklearner,8,0.02525,10480,33.08185,31679
52,MahdiAl-Qubli,8,0.02525,10488,33.10711,31679
53,twitchax,8,0.02525,10496,33.13236,31679
54,VenkateshSrini,8,0.02525,10504,33.15761,31679
55,xiaocode,8,0.02525,10512,33.18287,31679
56,bholley,7,0.02210,10519,33.20496,31679
57,gmlewis,7,0.02210,10526,33.22706,31679
58,jdbohrman,7,0.02210,10533,33.24916,31679
59,lianghanzhen,7,0.02210,10540,33.27125,31679
60,MominIqbal-1234,7,0.02210,10547,33.29335,31679
61,nealmcb,7,0.02210,10554,33.31545,31679
62,VamshiReddy02,7,0.02210,10561,33.33754,31679
63,vanvuongngo,7,0.02210,10568,33.35964,31679
64,Boscop,6,0.01894,10574,33.37858,31679
65,byteshiva,6,0.01894,10580,33.39752,31679
66,jpshackelford,6,0.01894,10586,33.41646,31679
67,ofw5rz,6,0.01894,10592,33.43540,31679
68,CHCP,5,0.01578,10597,33.45118,31679
69,dejbug,5,0.01578,10602,33.46697,31679
70,ethanfrey,5,0.01578,10607,33.48275,31679
71,hotspoons,5,0.01578,10612,33.49853,31679
72,hpvd,5,0.01578,10617,33.51432,31679
73,iapicca,5,0.01578,10622,33.53010,31679
74,joepio,5,0.01578,10627,33.54588,31679
75,lee-orr,5,0.01578,10632,33.56167,31679
76,mondeja,5,0.01578,10637,33.57745,31679
77,nicolascrochet7,5,0.01578,10642,33.59323,31679
78,robertohuertasm,5,0.01578,10647,33.60902,31679
79,tomaswarynyca,5,0.01578,10652,33.62480,31679
80,abdulmonum,4,0.01263,10656,33.63743,31679
81,charliermarsh,4,0.01263,10660,33.65005,31679
82,codeitlikemiley,4,0.01263,10664,33.66268,31679
83,Crell,4,0.01263,10668,33.67531,31679
84,csmoe,4,0.01263,10672,33.68793,31679
85,dimitrilw,4,0.01263,10676,33.70056,31679
86,dlozina,4,0.01263,10680,33.71319,31679
87,FerrazArthur,4,0.01263,10684,33.72581,31679
88,flouthoc,4,0.01263,10688,33.73844,31679
89,gdamjan,4,0.01263,10692,33.75107,31679
90,GeorgeHahn,4,0.01263,10696,33.76369,31679
91,kunjee17,4,0.01263,10700,33.77632,31679
92,nico1510,4,0.01263,10704,33.78895,31679
93,n-tucker,4,0.01263,10708,33.80157,31679
94,patterns,4,0.01263,10712,33.81420,31679
95,pengliaoye,4,0.01263,10716,33.82683,31679
96,ravirajb,4,0.01263,10720,33.83945,31679
97,rts-gordon,4,0.01263,10724,33.85208,31679
98,shyamshyre,4,0.01263,10728,33.86471,31679
99,tyler-harpool,4,0.01263,10732,33.87733,31679
100,anvlkv,3,0.00947,10735,33.88680,31679
101,bindea-mihai,3,0.00947,10738,33.89627,31679
102,brehen,3,0.00947,10741,33.90574,31679
103,captaincoordinates,3,0.00947,10744,33.91521,31679
104,chikoski,3,0.00947,10747,33.92468,31679
105,chokosabe,3,0.00947,10750,33.93415,31679
106,contributor,3,0.00947,10753,33.94362,31679
107,Deepansharora27,3,0.00947,10756,33.95309,31679
108,fmckeogh,3,0.00947,10759,33.96256,31679
109,gianghoang74,3,0.00947,10762,33.97203,31679
110,giodamelio,3,0.00947,10765,33.98150,31679
111,gogeterobert,3,0.00947,10768,33.99097,31679
112,goshlanguage,3,0.00947,10771,34.00044,31679
113,javdl,3,0.00947,10774,34.00991,31679
114,Joera,3,0.00947,10777,34.01938,31679
115,morristai,3,0.00947,10780,34.02885,31679
116,qnm,3,0.00947,10783,34.03832,31679
117,rhjensen79,3,0.00947,10786,34.04779,31679
118,tiagoernst,3,0.00947,10789,34.05726,31679
119,tshepang,3,0.00947,10792,34.06673,31679
120,upachler,3,0.00947,10795,34.07620,31679
121,yordanmadzhunkov,3,0.00947,10798,34.08567,31679
122,adal877,2,0.00631,10800,34.09199,31679
123,alanzou,2,0.00631,10802,34.09830,31679
124,allurefx,2,0.00631,10804,34.10461,31679
125,bitoceango,2,0.00631,10806,34.11093,31679
126,bjh2,2,0.00631,10808,34.11724,31679
127,bokjo,2,0.00631,10810,34.12355,31679
128,ChristianWeyer,2,0.00631,10812,34.12987,31679
129,Christof23,2,0.00631,10814,34.13618,31679
130,david-wallace-croft,2,0.00631,10816,34.14249,31679
131,diversable,2,0.00631,10818,34.14881,31679
132,drbh,2,0.00631,10820,34.15512,31679
133,Dueen,2,0.00631,10822,34.16143,31679
134,Gitmerg,2,0.00631,10824,34.16775,31679
135,hffmnn,2,0.00631,10826,34.17406,31679
136,ingride,2,0.00631,10828,34.18037,31679
137,jianghong,2,0.00631,10830,34.18669,31679
138,jjl,2,0.00631,10832,34.19300,31679
139,JonathanWoollett-Light,2,0.00631,10834,34.19931,31679
140,kimeta,2,0.00631,10836,34.20563,31679
141,laurentiustamate94,2,0.00631,10838,34.21194,31679
142,layeddie,2,0.00631,10840,34.21825,31679
143,melihomay,2,0.00631,10842,34.22457,31679
144,migsar,2,0.00631,10844,34.23088,31679
145,MikeTeddyOmondi,2,0.00631,10846,34.23719,31679
146,novohool,2,0.00631,10848,34.24351,31679
147,nucliweb,2,0.00631,10850,34.24982,31679
148,oferh,2,0.00631,10852,34.25613,31679
149,onstwedder,2,0.00631,10854,34.26245,31679
150,Paul-Bird,2,0.00631,10856,34.26876,31679
151,phaleth,2,0.00631,10858,34.27507,31679
152,rhcndrsn,2,0.00631,10860,34.28139,31679
153,rmarx,2,0.00631,10862,34.28770,31679
154,siashish,2,0.00631,10864,34.29401,31679
155,sjud,2,0.00631,10866,34.30033,31679
156,smsohan,2,0.00631,10868,34.30664,31679
157,szabgab,2,0.00631,10870,34.31295,31679
158,talentlessguy,2,0.00631,10872,34.31927,31679
159,tensorush,2,0.00631,10874,34.32558,31679
160,theagilecoder,2,0.00631,10876,34.33189,31679
161,tillknuesting,2,0.00631,10878,34.33821,31679
162,tqq1994516,2,0.00631,10880,34.34452,31679
163,trobanga,2,0.00631,10882,34.35083,31679
164,Tudor44,2,0.00631,10884,34.35715,31679
165,tzutoo,2,0.00631,10886,34.36346,31679
166,abzou7275,1,0.00316,10887,34.36662,31679
167,archywillhe,1,0.00316,10888,34.36977,31679
168,asankagit,1,0.00316,10889,34.37293,31679
169,benatkin,1,0.00316,10890,34.37609,31679
170,benwilde,1,0.00316,10891,34.37924,31679
171,bobzhang,1,0.00316,10892,34.38240,31679
172,c0ffincolors,1,0.00316,10893,34.38556,31679
173,chairwa,1,0.00316,10894,34.38871,31679
174,charliethacker,1,0.00316,10895,34.39187,31679
175,daogangtang,1,0.00316,10896,34.39503,31679
176,deepto98,1,0.00316,10897,34.39818,31679
177,dehuszar,1,0.00316,10898,34.40134,31679
178,econesag,1,0.00316,10899,34.40450,31679
179,eleimt,1,0.00316,10900,34.40765,31679
180,ereduled,1,0.00316,10901,34.41081,31679
181,franxois,1,0.00316,10902,34.41397,31679
182,furesoft,1,0.00316,10903,34.41712,31679
183,gembin,1,0.00316,10904,34.42028,31679
184,guregu,1,0.00316,10905,34.42344,31679
185,HeCorr,1,0.00316,10906,34.42659,31679
186,hiteshjasani,1,0.00316,10907,34.42975,31679
187,IAMSolaara,1,0.00316,10908,34.43291,31679
188,igibek,1,0.00316,10909,34.43606,31679
189,jaime-amate,1,0.00316,10910,34.43922,31679
190,janpio,1,0.00316,10911,34.44238,31679
191,JimLynchCodes,1,0.00316,10912,34.44553,31679
192,jovermier,1,0.00316,10913,34.44869,31679
193,k0pernicus,1,0.00316,10914,34.45185,31679
194,kursataktas,1,0.00316,10915,34.45500,31679
195,magick93,1,0.00316,10916,34.45816,31679
196,markenzie,1,0.00316,10917,34.46132,31679
197,maxicapodacqua,1,0.00316,10918,34.46447,31679
198,Mec-iS,1,0.00316,10919,34.46763,31679
199,mendhak,1,0.00316,10920,34.47079,31679
200,neodon,1,0.00316,10921,34.47394,31679
201,nicolamos,1,0.00316,10922,34.47710,31679
202,pannous,1,0.00316,10923,34.48026,31679
203,pechkin,1,0.00316,10924,34.48341,31679
204,pklewing,1,0.00316,10925,34.48657,31679
205,redoC-A2k,1,0.00316,10926,34.48973,31679
206,runvnc,1,0.00316,10927,34.49288,31679
207,skabber,1,0.00316,10928,34.49604,31679
208,sriramgarimella,1,0.00316,10929,34.49920,31679
209,Tautcius,1,0.00316,10930,34.50235,31679
210,TrellixVulnTeam,1,0.00316,10931,34.50551,31679
211,UtkarshUmre,1,0.00316,10932,34.50867,31679
212,vladiulianbogdan,1,0.00316,10933,34.51182,31679
213,voima-eetu,1,0.00316,10934,34.51498,31679
214,wallacepf,1,0.00316,10935,34.51814,31679
215,YeGop0218,1,0.00316,10936,34.52129,31679
