rank_number,actor,contributions,percent,cumulative_sum,cumulative_percent,all_contributions
1,YJDoc2,2258,16.69995,2258,16.69995,13521
2,Furisto,1390,10.28030,3648,26.98025,13521
3,yihuaf,1230,9.09696,4878,36.07721,13521
4,tsturzl,251,1.85637,5129,37.93358,13521
5,lengrongfu,135,0.99845,5264,38.93203,13521
6,Gekko0114,128,0.94668,5392,39.87871,13521
7,tommady,81,0.59907,5473,40.47778,13521
8,nimrodshn,80,0.59167,5553,41.06945,13521
9,unknowndevQwQ,67,0.49553,5620,41.56497,13521
10,guni1192,65,0.48073,5685,42.04571,13521
11,anti-entropy123,64,0.47334,5749,42.51904,13521
12,musaprg,63,0.46594,5812,42.98499,13521
13,omprakaash,51,0.37719,5863,43.36218,13521
14,higuruchi,49,0.36240,5912,43.72458,13521
15,Mossaka,48,0.35500,5960,44.07958,13521
16,zahash,44,0.32542,6004,44.40500,13521
17,cr0ax,39,0.28844,6043,44.69344,13521
18,zidoshare,33,0.24406,6076,44.93750,13521
19,nayuta-ai,28,0.20709,6104,45.14459,13521
20,ferrell-code,23,0.17011,6127,45.31470,13521
21,chermehdi,22,0.16271,6149,45.47741,13521
22,minakawa-daiki,22,0.16271,6171,45.64012,13521
23,squili,21,0.15531,6192,45.79543,13521
24,posutsai,20,0.14792,6212,45.94335,13521
25,mitnk,19,0.14052,6231,46.08387,13521
26,gattytto,18,0.13313,6249,46.21700,13521
27,cyyzero,17,0.12573,6266,46.34273,13521
28,DarrellTang,16,0.11833,6282,46.46106,13521
29,sat0ken,16,0.11833,6298,46.57940,13521
30,bestgopher,15,0.11094,6313,46.69033,13521
31,kemkemG0,14,0.10354,6327,46.79388,13521
32,tony84727,14,0.10354,6341,46.89742,13521
33,fengxsong,13,0.09615,6354,46.99357,13521
34,adrianalin,12,0.08875,6366,47.08232,13521
35,PeterYordanov,12,0.08875,6378,47.17107,13521
36,keisku,11,0.08135,6389,47.25242,13521
37,taiki-e,11,0.08135,6400,47.33378,13521
38,Will-Shanks,11,0.08135,6411,47.41513,13521
39,Ian-Yy,10,0.07396,6421,47.48909,13521
40,jhult,10,0.07396,6431,47.56305,13521
41,morganllewellynjones,10,0.07396,6441,47.63701,13521
42,tiqwab,10,0.07396,6451,47.71097,13521
43,constreference,9,0.06656,6460,47.77753,13521
44,drahnr,9,0.06656,6469,47.84409,13521
45,yjuba,9,0.06656,6478,47.91066,13521
46,hardBSDk,8,0.05917,6486,47.96982,13521
47,MoZhonghua,8,0.05917,6494,48.02899,13521
48,Overflow0xFFFF,8,0.05917,6502,48.08816,13521
49,RMPR,8,0.05917,6510,48.14733,13521
50,stefins,8,0.05917,6518,48.20649,13521
51,wlsnx,8,0.05917,6526,48.26566,13521
52,XuShaohua,8,0.05917,6534,48.32483,13521
53,fbrv,7,0.05177,6541,48.37660,13521
54,HeRaNO,7,0.05177,6548,48.42837,13521
55,peter-jerry-ye,7,0.05177,6555,48.48014,13521
56,Pvlerick,7,0.05177,6562,48.53191,13521
57,riyad,7,0.05177,6569,48.58368,13521
58,JCKeep,6,0.04438,6575,48.62806,13521
59,l0rem1psum,6,0.04438,6581,48.67244,13521
60,MarceloSpessoto,6,0.04438,6587,48.71681,13521
61,oblique,6,0.04438,6593,48.76119,13521
62,zhujintao,6,0.04438,6599,48.80556,13521
63,DriedYellowPeach,5,0.03698,6604,48.84254,13521
64,gleicon,5,0.03698,6609,48.87952,13521
65,hegerdes,5,0.03698,6614,48.91650,13521
66,kiokuless,5,0.03698,6619,48.95348,13521
67,minegishirei,5,0.03698,6624,48.99046,13521
68,scary4cat,5,0.03698,6629,49.02744,13521
69,92hackers,4,0.02958,6633,49.05702,13521
70,a1ien,4,0.02958,6637,49.08661,13521
71,alfonsoros88,4,0.02958,6641,49.11619,13521
72,andrewimeson,4,0.02958,6645,49.14577,13521
73,em-,4,0.02958,6649,49.17536,13521
74,eminence,4,0.02958,6653,49.20494,13521
75,MostlyAmiable,4,0.02958,6657,49.23452,13521
76,MrZLeo,4,0.02958,6661,49.26411,13521
77,ms140569,4,0.02958,6665,49.29369,13521
78,neersighted,4,0.02958,6669,49.32327,13521
79,Sherlock-Holo,4,0.02958,6673,49.35286,13521
80,shorii,4,0.02958,6677,49.38244,13521
81,timchenxiaoyu,4,0.02958,6681,49.41203,13521
82,TimePrinciple,4,0.02958,6685,49.44161,13521
83,tskxz,4,0.02958,6689,49.47119,13521
84,whereistejas,4,0.02958,6693,49.50078,13521
85,yeongjukang,4,0.02958,6697,49.53036,13521
86,yzewei,4,0.02958,6701,49.55994,13521
87,0xdco,3,0.02219,6704,49.58213,13521
88,abalmos,3,0.02219,6707,49.60432,13521
89,adoerr,3,0.02219,6710,49.62651,13521
90,creepinson,3,0.02219,6713,49.64869,13521
91,davidhay1969,3,0.02219,6716,49.67088,13521
92,JonathanBerhe,3,0.02219,6719,49.69307,13521
93,Ofenhed,3,0.02219,6722,49.71526,13521
94,oirom,3,0.02219,6725,49.73745,13521
95,oliveagle,3,0.02219,6728,49.75963,13521
96,ShadowJonathan,3,0.02219,6731,49.78182,13521
97,Silcet,3,0.02219,6734,49.80401,13521
98,titaneric,3,0.02219,6737,49.82620,13521
99,wineway,3,0.02219,6740,49.84838,13521
100,wyaow,3,0.02219,6743,49.87057,13521
101,Builditluc,2,0.01479,6745,49.88536,13521
102,CreepyPvP,2,0.01479,6747,49.90016,13521
103,darleybarreto,2,0.01479,6749,49.91495,13521
104,flxo,2,0.01479,6751,49.92974,13521
105,furon-kuina,2,0.01479,6753,49.94453,13521
106,hle0,2,0.01479,6755,49.95932,13521
107,homersimpsons,2,0.01479,6757,49.97411,13521
108,jcgruenhage,2,0.01479,6759,49.98891,13521
109,kenoss,2,0.01479,6761,50.00370,13521
110,kianmeng,2,0.01479,6763,50.01849,13521
111,lishaowen0426,2,0.01479,6765,50.03328,13521
112,Malaccoda,2,0.01479,6767,50.04807,13521
113,martadinata666,2,0.01479,6769,50.06287,13521
114,minatoaquaMK2,2,0.01479,6771,50.07766,13521
115,ondra05,2,0.01479,6773,50.09245,13521
116,Onyinye91-ctrl,2,0.01479,6775,50.10724,13521
117,penumbra23,2,0.01479,6777,50.12203,13521
118,raghulmz,2,0.01479,6779,50.13682,13521
119,rapiz1,2,0.01479,6781,50.15162,13521
120,sasurau4,2,0.01479,6783,50.16641,13521
121,smorimoto,2,0.01479,6785,50.18120,13521
122,the8472,2,0.01479,6787,50.19599,13521
123,thinking-tower,2,0.01479,6789,50.21078,13521
124,VannTen,2,0.01479,6791,50.22558,13521
125,wxmayifei,2,0.01479,6793,50.24037,13521
126,Astlaan,1,0.00740,6794,50.24776,13521
127,boaz-quotient,1,0.00740,6795,50.25516,13521
128,dmartin,1,0.00740,6796,50.26255,13521
129,dolmen,1,0.00740,6797,50.26995,13521
130,fantas1a,1,0.00740,6798,50.27735,13521
131,fsmiamoto,1,0.00740,6799,50.28474,13521
132,hlb-source,1,0.00740,6800,50.29214,13521
133,izissise,1,0.00740,6801,50.29953,13521
134,Jerrypoi,1,0.00740,6802,50.30693,13521
135,kmpzr,1,0.00740,6803,50.31433,13521
136,kotx,1,0.00740,6804,50.32172,13521
137,laupse,1,0.00740,6805,50.32912,13521
138,lcw2,1,0.00740,6806,50.33651,13521
139,LincolnAuster,1,0.00740,6807,50.34391,13521
140,lisonok,1,0.00740,6808,50.35131,13521
141,redthing1,1,0.00740,6809,50.35870,13521
142,rganesan,1,0.00740,6810,50.36610,13521
143,rusty-snake,1,0.00740,6811,50.37349,13521
144,SarthakSingh31,1,0.00740,6812,50.38089,13521
145,shimatar0,1,0.00740,6813,50.38828,13521
146,sou1118,1,0.00740,6814,50.39568,13521
147,stappersg,1,0.00740,6815,50.40308,13521
148,theoparis,1,0.00740,6816,50.41047,13521
149,tranzystorek-io,1,0.00740,6817,50.41787,13521
150,VaiTon,1,0.00740,6818,50.42526,13521
151,xhnhnu97999,1,0.00740,6819,50.43266,13521
152,YamasouA,1,0.00740,6820,50.44006,13521
153,zzyyzte,1,0.00740,6821,50.44745,13521
